                   0              1.37553
            0.199467               1.3808
            0.398935              1.39649
            0.598402              1.42231
             0.79787              1.45777
            0.997337              1.50217
              1.1968              1.52511
             1.39627              1.51244
             1.59574              1.50304
             1.79521              1.49701
             1.99467              1.49431
             2.19414              1.49489
             2.39361               1.4987
             2.59308              1.50569
             2.79254              1.51578
             2.99201              1.52892
             3.19148              1.54504
             3.39095              1.56407
             3.59041              1.58596
             3.78988              1.61061
             3.98935              1.63799
             4.18882              1.66799
             4.38828              1.70057
             4.58775              1.73565
             4.78722              1.77315
             4.98669                1.813
             5.18615              1.85515
             5.38562              1.89949
             5.58509              1.94591
             5.78456              1.98998
 E11

                   0,            -0.243426
            