------------------------------------------------------------
 E1
------------------------------------------------------------
k ((nm)-1), E (eV)
                   0,              1.19843
            0.642729,              1.26677
             1.28546,              1.26797
             1.92819,              1.23887
             2.57091,              1.24523
             3.21364,              1.28491
             3.85637,              1.35558
              4.4991,              1.45477
             5.14183,                 1.58
             5.78456,              1.72866

------------------------------------------------------------
 E6
------------------------------------------------------------
k ((nm)-1), E (eV)
                   0,           -0.0858229
            0.642729,           -0.0958977
             1.28546,            -0.121719
             1.92819,            -0.178042
             2.57091,            -0.268023
             3.21364,            -0.405515
             3.85637,            -0.594152
              4.4991,            -0.833649
             5.14183,             -1.11354
             5.78456,              -1.3461

