------------------------------------------------------------
 E1
------------------------------------------------------------
k ((nm)-1), E (eV)
                   0,              1.18172
            0.642729,              1.25192
             1.28546,              1.24269
             1.92819,              1.21306
             2.57091,              1.21903
             3.21364,              1.25845
             3.85637,              1.32894
              4.4991,              1.42803
             5.14183,              1.55321
             5.78456,              1.70187

------------------------------------------------------------
 E6
------------------------------------------------------------
k ((nm)-1), E (eV)
                   0,           -0.0685427
            0.642729,           -0.0778781
             1.28546,            -0.104803
             1.92819,            -0.161996
             2.57091,            -0.252763
             3.21364,            -0.390833
             3.85637,            -0.581371
              4.4991,            -0.822183
             5.14183,             -1.10609
             5.78456,             -1.30953

