8-bit binary --> (128 64 32 16) (8 4 2 1)

17 --> 0001 0001
18 --> 0001 0010
19 --> 0001 0011
20 --> 0001 0100
21 --> 0001 0101
22 --> 0001 0110
23 --> 0001 0111
24 --> 0001 1000

33 --> 0000 0000
34 --> 0000 0000
35 --> 0000 0000
36 --> 0000 0000
37 --> 0000 0000
38 --> 0000 0000
39 --> 0000 0000
40 --> 0010 1000

17 --> 0001 0001
17 --> 0000 0000
17 --> 0000 0000
17 --> 0000 0000
17 --> 0000 0000
17 --> 0000 0000
17 --> 0000 0000
17 --> 0000 0000

17 --> 0001 0001
17 --> 0000 0000
17 --> 0000 0000
17 --> 0000 0000
17 --> 0000 0000
17 --> 0000 0000
17 --> 0000 0000
17 --> 0000 0000

17 --> 0001 0001
17 --> 0000 0000
17 --> 0000 0000
17 --> 0000 0000
17 --> 0000 0000
17 --> 0000 0000
17 --> 0000 0000
17 --> 0000 0000
